1,24.74
2,24.33
3,24.5
4,24.33
5,24.81
6,23.88
7,23.81
8,24.82
9,24.82
10,24.72
11,23.72
12,23.82
13,24.56
14,25.89
15,24.98
16,24.71
18,25.14
19,25.33
20,24.54
21,25.3
22,25.19
23,24.25
24,25.22
25,25.82
26,25.98
27,25.86
29,24.37
30,23.62
31,23.38
32,22.48
33,25.43
34,24.87
35,25.13
36,23.73
37,25.38
38,24.77
39,25.29
40,24.43
41,24.83
42,23.91
43,23.11
44,24.82
45,24.37
46,22.96
47,23.87
48,24.31
49,22.82
50,23.01
51,23.91
52,24.29
53,24.24
54,23.1
55,23.87
56,22.75
57,23.72
58,24.16
59,23.43
60,23.17
61,23.43
62,23.38
63,22.94
64,24.48
65,23.98
66,24.54
67,24.14
68,23.18
69,23.77
70,23.58
71,23.89
72,22.83
73,23.6
74,23.86
75,23.49
76,25.01
77,22.87
78,23.13
79,24.71
80,24.39
81,24.41
82,24.72
83,24.1
84,23.97
85,24.1
86,24.39
87,23.19
88,23.66
89,23.95
90,24.15
91,25.02
92,24.2
93,24.61
94,23.66
95,22.29
96,24.6
97,23.67
98,23.67
99,23.41
100,23.25
101,23.55
102,23.55
103,22.97
104,23.29
105,22.87
106,23.02
107,22.7
108,23.5
109,23.51
121,25.82
122,24.39
123,23.34
124,23.23
125,23.35
126,23.96
127,25.36
128,24.65
129,24.46
130,23.87
131,23.03
132,25.62
133,23.82
134,24.36
142,23.65
143,23.27
144,22.66
145,23.1
146,23.48
147,24.1
148,25.43
156,24.31
157,22.34
158,23.12
159,24.75
160,23.12
161,23.78
162,23.68
163,24.77
164,24.95
165,24.37
166,23.8
167,24.23
168,23.64
169,23.42
170,22.45
171,23.35
172,24.36
173,24.98
174,24.19
175,23.86
176,23.05
177,23.45
178,23.6
179,25.94
186,24.47
187,24.13
188,23.98
189,24.07
190,23.83
191,24.26
192,24.87
193,23.51
194,23.23
195,24.16
196,23.05
197,24.08
198,24.74
199,23.38
200,24.15
201,23.53
202,23.38
203,24.2
204,24.35
205,24.41
206,23.64
207,23.85
208,23.73
209,24.07
210,24.54
211,23.8
212,24.11
213,23.41
214,23.87
215,23.78
216,23.3
217,24.28
218,24.44
219,24.44
220,24.72
221,24.73
222,23.54
223,23.28
224,23.95
225,23.85
226,24.33
227,23.6
228,24.1
229,23.69
230,22.64
231,23.34
232,23.78
233,22.73
234,22.93
235,22.6
236,23.42
237,24.11
238,22.8
239,22.42
240,24
241,23.85
242,23.53
243,24.16
244,24.12
245,23.84
246,24.02
247,23.96
248,23.57
249,23.58
251,23.15
252,23.48
253,24.09
254,23.9
255,22.57
256,22.8
257,22.64
258,22.67
259,22.5
261,22.42
262,22.6
263,23.24
264,22.48
265,22.9
266,22.82
267,22.86
268,23.83
269,22.67
270,22.64
271,24.44
272,23.66
273,23.42
274,22.81
275,23.11
276,23.99
277,22.91
278,23.1
279,22.24
280,22.27
281,22.26
283,22.79
284,22.92
286,21.77
290,23.83
291,23.21
292,22.13
293,22.47
294,22.23
295,23.31
296,22.94
297,23.47
298,24.19
299,23.85
300,23.35
301,23.09
302,23.22
303,21.78
304,24.58
305,23.79
306,24.16
307,23.64
308,23.98
309,24.36
310,23.29
311,24.14
312,22.86
313,23.82
314,23.76
315,22.2
316,21.98
317,23.82
318,24.96
319,24.03
320,24.32
321,22.53
322,22.83
323,24.17
324,23.62
325,23.89
335,25.85
336,23.74
337,24.43
338,24.26
339,24.68
340,23.62
341,22.93
342,23.89
343,22.67
344,22.47
345,24.39
346,23.95
347,25.35
348,25.17
349,24.84
350,24.32
351,24.13
352,23.88
353,24.27
354,24.34
355,23.94
356,24.44
357,24.67
358,24.62
359,24.41
360,23.59
361,24.05
362,24.54
363,25.33
364,25.27
365,23.18
366,23.36
367,23.84
368,21.99
369,22.49
370,25.12
371,25.1
372,24.64
373,23.96
374,24.58
375,24.43
376,24.25
377,24.47
378,24.42
379,24.13
380,25.23
381,24.54
382,24.87
383,23.58
384,24.08
385,24.25
386,24.63
387,23.76
388,24.05
389,24.61
390,24.45
391,24.57
392,23.77
393,24.48
394,23.57
395,25.35
396,25.02
397,24.34
398,24.16
399,24.01
400,24.03
401,23.73
402,25.04
403,24.86
404,25.6
405,24.42
406,24.67
407,25.22
408,25.76
409,24.38
410,23.25
411,24.35
412,24.94
413,23.35
414,22.16
415,23.62
416,22.63
417,24.28
418,24.46
419,23.53
420,23.12
421,22.32
422,22.55
423,23.07
424,22.63
425,22.4
426,22.59
427,23.7
428,24.02
429,24.17
430,22.62
431,23.4
432,24.59
433,22.74
434,23.38
435,22.31
436,22.07
437,23.97
438,24.14
439,24.06
440,23.46
441,22.94
442,23.35
443,23.79
444,24.64
445,24.69
446,23.95
447,23.89
448,23.79
449,24.13
450,23.87
451,24.27
452,23.82
453,25.01
454,24.38
455,23.9
457,22.98
458,24.37
459,22.39
460,22.23
461,23.31
462,22.35
463,24.26
464,24.86
465,22.12
466,23.57
467,23.4
468,24.04
469,23.76
470,21.79
471,22.19
472,23.79
473,24
474,23.76
475,23.69
476,24.44
477,23.84
489,22.66
490,23.27
491,22.6
492,22.82
493,22.18
494,23.78
495,23.29
496,23.29
497,22.79
498,23.37
499,23.27
500,22.42
501,23.55
502,23.48
503,23.09
504,23.36
505,24.35
506,22.34
507,23.11
508,23.62
509,23.72
510,23.16
511,22.73
512,24.13
513,23.73
514,22.7
515,23.34
516,24.32
517,23.67
518,24.3
519,24.6
520,24.74
521,23.95
522,24.09
523,23.43
524,23.96
525,23.96
526,23.82
527,23.37
528,23.71
529,23.77
530,24.05
531,23.18
532,23.55
533,23.99
534,23.68
535,24.02
536,22.94
537,22.88
538,22.78
539,22.09
540,23.45
541,23.61
542,23.7
543,22.95
544,23.53
545,24.01
546,23.62
547,23.41
548,23.55
549,24.21
550,23.12
551,24.02
552,24.22
553,23.98
554,23.6
555,24.3
556,23.42
557,23.73
558,24.26
559,23.88
560,23.83
561,24.63
562,24.45
563,23.69
564,23.2
565,23.04
566,24.49
567,24.52
568,23.77
569,23.2
570,23.17
571,23.19
572,23.84
573,23.64
574,24.39
575,23.83
576,23.75
577,24.05
578,24.2
579,23.18
580,24.08
581,24.37
582,24.12
583,24.03
584,24.04
585,23.75
586,23.71
587,23.42
588,23.63
589,23.61
590,23.92
591,24.84
592,23.4
593,23.55
594,22.91
595,23.83
596,23.41
597,22.87
598,23.88
599,23.15
600,23.91
601,23.68
602,23.23
603,24.24
604,23.69
605,23.64
606,23.63
607,22.42
608,22.79
609,24.16
610,22.95
611,22.38
612,22.34
613,23.52
614,23.26
615,22.7
616,22.84
617,23.34
618,23.26
619,24.4
620,24.36
621,24.36
622,21.87
623,24.18
624,24.09
625,22.69
626,23.33
627,23.78
628,24.43
629,23.49
630,23.3
631,23.79
632,23.13
633,22.89
634,22.8
635,23.84
636,22.32
637,23.59
638,23.51
639,24.22
640,23.94
641,23.11
642,23.67
643,23.79
644,24.48
645,23.02
646,22.73
647,22.42
648,23.41
649,24.3
650,23.73
651,23.71
654,22.78
655,23.86
656,24.21
657,24.57
658,23.57
659,23.9
660,23.88
661,23.13
662,22.51
663,23.37
664,23.83
665,24.15
666,23.16
667,23.28
668,23.13
669,25.3
670,24.25
671,24.32
672,24.79
673,23.27
675,22.56
676,23.87
677,23.43
678,24.02
679,24.33
680,23.23
681,24.7
682,24.93
683,22.95
684,24.41
685,24.56
686,23.57
687,24.54
688,23.36
689,24.58
690,24.39
691,23
692,23.85
693,24.25
694,23.48
695,22.98
696,24.29
697,24.08
698,24.22
699,23.35
700,23.61
701,23.85
702,23.28
703,24.01
704,22.01
705,23.22
706,24.94
707,25.15
708,23.26
709,24.72
714,23.72
715,23.2
716,24.51
717,24.18
718,25.1
719,24.39
720,25.79
721,25.54
722,25.48
723,24.09
724,24.46
725,25.73
726,24.84
727,23.78
728,23.73
729,24.83
730,24.28
731,25
732,24.63
733,24.7
734,25.45
735,23.23
736,24
737,23.61
738,24.23
739,22.4
740,24.2
741,23.35
742,24.48
743,23.82
744,25.14
745,24.84
746,23.85
747,23.61
748,23.45
749,24.02
750,23.96
751,23.87
752,24.46
753,24.09
754,24.6
755,23.73
756,24.16
757,24.73
758,23.56
759,24.02
760,23.17
761,24.83
762,24.2
763,23.92
764,24.4
765,23.42
766,25.1
767,24.18
768,23.94
769,24.04
770,24
771,25.09
772,25.41
773,24.71
774,24.3
775,24.24
776,25.85
777,24.64
778,25.32
779,24.25
780,25.82
781,25.12
782,24.12
783,22.78
784,23.56
785,24.31
786,25.23
787,24.98
788,24.12
789,23.41
790,24.34
791,23.85
792,24.79
793,24.6
794,24.31
795,23.69
796,24.76
797,24
798,23.71
799,23.77
800,23.89
801,23.89
802,24.16
803,23.95
804,22.87
805,23.59
806,23.48
807,23.34
808,22.43
809,23.86
810,24.9
811,23.96
812,24.27
813,23.82
814,24.34
815,22.79
816,23.42
817,23.96
818,24.3
819,24.44
820,22.66
821,23.61
822,23.3
823,22.58
824,23.95
825,23.11
826,22.81
827,23
828,23.25
829,23.34
830,23.2
831,23.9
832,22.18
833,23.22
834,24.24
835,24.01
836,24.63
837,23.66
838,21.98
839,23.28
840,22.49
841,22.8
842,22.92
843,23.48
844,22.27
845,23.11
846,24.2
847,23.91
848,23.4
849,23.09
850,22.59
851,21.79
852,23.38
853,22.94
854,21.87
855,23.28
856,25.26
857,24.18
858,23.79
859,23.25
860,23.7
861,24.09
862,23.54
863,22.88
864,22.7
865,22.92
866,23.98
867,23.18
868,23.93
869,23.39
870,24.3
871,24.41
872,23.93
873,23.7
874,22.9
875,23.82
876,23.36
877,23.45
878,23.27
879,23.16
880,22.92
881,23.28
882,22.6
883,23.22
884,22.67
885,22.34
886,23.31
887,23.09
888,23.21
889,23.57
890,23.23
891,23.19
892,23.1
893,22.44
894,22.35
895,22.71
896,24.45
897,23.52
898,23.61
899,22.68
900,24.39
901,23.94
902,23.04
903,23.72
904,23.94
905,23.11
906,24.19
907,22.81
908,23.33
909,23.73
910,23.69
911,22.75
912,23.17
913,23.66
914,23.91
915,22.72
916,23.38
917,23.47
918,23.68
919,23.68
920,22.8
921,22.28
922,23.71
923,23.39
924,23.68
925,23.41
926,24.31
927,23.02
928,24.27
929,23.46
930,22.9
931,23.78
932,23.78
933,23.56
934,23.42
935,23.21
936,23.47
937,23.97
938,23.37
939,23.25
940,23.6
941,22.55
942,23.17
943,23.83
944,24.13
945,24.02
946,23.56
947,23.86
948,23.27
949,22.89
950,24.11
951,23.22
952,23.14
953,23.16
954,23.08
955,22.41
956,22.25
957,22.74
958,22.76
959,22.84
960,22.62
961,22.98
962,23.23
963,24.24
964,23.09
965,23.24
966,21.61
967,23.22
968,23.58
969,23.78
970,24.36
971,22.36
972,23.57
973,22.96
974,24.08
975,23.24
976,22.09
977,24.11
978,23.73
979,22.82
980,21.66
981,23.1
982,22.2
983,23.83
984,22.66
985,23.61
986,24.35
987,23.29
988,23.47
989,22.53
990,23.86
991,23.55
992,23.17
993,23.94
994,23.94
995,24.44
996,24.56
997,22.18
998,22.65
999,23.32
1000,22.59
1001,24.02
1002,23.56
1003,23.47
1004,24.89
1005,24.09
1006,24.58
1007,24.19
1008,25.17
1009,22.7
1010,22.32
1011,23.42
1012,24.71
1013,23.62
1014,22.13
1015,23.83
1016,24.22
1017,23.57
1018,23.99
1019,24.81
1020,24.42
1021,24.28
1022,23.53
1023,23.47
1024,23.92
1025,22.88
1026,22.36
1027,21.7
1028,23.3
1029,22.82
1030,21.76
1031,24.75
1032,23.89
1033,23.12
1034,24.15
1035,24.11
1036,25.15
1037,24.57
1038,24.53
1039,24.83
1040,23.63
1041,24.26
1042,24.33
1043,24.5
1044,24.83
1045,24.21
1046,24.18
1047,23.74
1048,23.59
1049,23.4
1050,23.77
1051,23.99
1052,24.15
1053,24.01
1054,23.55
1055,22.55
1056,24.2
1057,23.72
1058,24.4
1059,24.44
1060,24.27
1061,23.86
1062,23.93
1063,25.5
1064,24.76
1065,24.88
1066,24.25
